defense,neutrality,nonaggression,entente,asymmetric
1.0,0.0,1.0,0.0,0.0
1.0,0.0,0.0,1.0,0.0
1.0,0.0,0.0,1.0,0.0
1.0,0.0,0.0,1.0,0.0
1.0,0.0,0.0,1.0,0.0
1.0,0.0,0.0,1.0,0.0
1.0,0.0,0.0,1.0,0.0
1.0,0.0,0.0,1.0,0.0
1.0,0.0,0.0,1.0,0.0
1.0,0.0,0.0,1.0,0.0
1.0,0.0,0.0,1.0,0.0
1.0,0.0,0.0,1.0,0.0
1.0,0.0,0.0,1.0,0.0
1.0,0.0,0.0,1.0,0.0
1.0,0.0,0.0,1.0,0.0
1.0,0.0,0.0,1.0,0.0
1.0,0.0,0.0,1.0,0.0
1.0,0.0,0.0,1.0,0.0
1.0,0.0,0.0,1.0,0.0
1.0,0.0,0.0,1.0,0.0
1.0,0.0,0.0,1.0,0.0
1.0,0.0,0.0,1.0,0.0
1.0,0.0,0.0,1.0,0.0
1.0,0.0,0.0,1.0,0.0
1.0,0.0,0.0,1.0,0.0
1.0,0.0,0.0,1.0,0.0
1.0,0.0,0.0,1.0,0.0
1.0,0.0,0.0,1.0,0.0
1.0,0.0,0.0,1.0,0.0
1.0,0.0,0.0,1.0,0.0
1.0,0.0,0.0,1.0,0.0
1.0,0.0,0.0,1.0,0.0
1.0,0.0,0.0,1.0,0.0
1.0,0.0,0.0,1.0,0.0
1.0,0.0,0.0,1.0,0.0
1.0,0.0,0.0,1.0,0.0
1.0,0.0,0.0,1.0,0.0
1.0,0.0,1.0,1.0,0.0
1.0,0.0,1.0,1.0,0.0
1.0,0.0,1.0,1.0,0.0
1.0,0.0,1.0,1.0,0.0
1.0,0.0,1.0,1.0,0.0
1.0,0.0,1.0,1.0,0.0
1.0,0.0,1.0,1.0,0.0
1.0,0.0,1.0,1.0,0.0
1.0,0.0,1.0,1.0,0.0
1.0,0.0,1.0,1.0,0.0
1.0,0.0,1.0,1.0,0.0
1.0,0.0,1.0,1.0,0.0
1.0,0.0,1.0,1.0,0.0
1.0,0.0,1.0,1.0,0.0
1.0,0.0,1.0,1.0,0.0
1.0,0.0,1.0,1.0,1.0
1.0,0.0,1.0,1.0,0.0
1.0,0.0,1.0,1.0,0.0
1.0,0.0,1.0,1.0,0.0
1.0,0.0,1.0,1.0,0.0
1.0,0.0,1.0,1.0,0.0
1.0,0.0,1.0,1.0,0.0
1.0,0.0,1.0,1.0,0.0
1.0,0.0,1.0,1.0,0.0
1.0,0.0,1.0,1.0,0.0
1.0,0.0,1.0,1.0,0.0
1.0,0.0,1.0,1.0,0.0
1.0,0.0,1.0,1.0,0.0
1.0,0.0,1.0,1.0,0.0
1.0,0.0,1.0,1.0,0.0
1.0,0.0,1.0,1.0,1.0
1.0,0.0,1.0,1.0,0.0
1.0,0.0,1.0,1.0,0.0
1.0,0.0,1.0,1.0,0.0
1.0,0.0,1.0,1.0,0.0
1.0,0.0,1.0,1.0,0.0
1.0,0.0,1.0,1.0,0.0
1.0,0.0,1.0,1.0,0.0
1.0,0.0,1.0,1.0,0.0
1.0,0.0,1.0,1.0,0.0
1.0,0.0,1.0,1.0,0.0
1.0,0.0,1.0,1.0,0.0
1.0,0.0,1.0,1.0,0.0
1.0,0.0,1.0,1.0,0.0
1.0,0.0,1.0,1.0,1.0
1.0,0.0,1.0,1.0,0.0
1.0,0.0,1.0,1.0,0.0
1.0,0.0,1.0,1.0,0.0
1.0,0.0,1.0,1.0,0.0
1.0,0.0,1.0,1.0,0.0
1.0,0.0,1.0,1.0,0.0
1.0,0.0,1.0,1.0,0.0
1.0,0.0,1.0,1.0,0.0
1.0,0.0,1.0,1.0,0.0
1.0,0.0,1.0,1.0,0.0
1.0,0.0,1.0,1.0,0.0
1.0,0.0,1.0,1.0,0.0
1.0,0.0,1.0,1.0,1.0
1.0,0.0,1.0,1.0,0.0
1.0,0.0,1.0,1.0,0.0
1.0,0.0,1.0,1.0,0.0
1.0,0.0,1.0,1.0,0.0
1.0,0.0,1.0,1.0,0.0
1.0,0.0,1.0,1.0,0.0
1.0,0.0,1.0,1.0,0.0
1.0,0.0,1.0,1.0,0.0
1.0,0.0,1.0,1.0,0.0
1.0,0.0,1.0,1.0,0.0
1.0,0.0,1.0,1.0,0.0
1.0,0.0,1.0,1.0,1.0
1.0,0.0,1.0,1.0,0.0
1.0,0.0,1.0,1.0,0.0
1.0,0.0,1.0,1.0,0.0
1.0,0.0,1.0,1.0,0.0
1.0,0.0,1.0,1.0,0.0
1.0,0.0,1.0,1.0,0.0
1.0,0.0,1.0,1.0,0.0
1.0,0.0,1.0,1.0,0.0
1.0,0.0,1.0,1.0,0.0
1.0,0.0,1.0,1.0,0.0
1.0,0.0,1.0,1.0,1.0
1.0,0.0,1.0,1.0,0.0
1.0,0.0,1.0,1.0,0.0
1.0,0.0,1.0,1.0,0.0
1.0,0.0,1.0,1.0,0.0
1.0,0.0,1.0,1.0,0.0
1.0,0.0,1.0,1.0,0.0
1.0,0.0,1.0,1.0,0.0
1.0,0.0,1.0,1.0,0.0
1.0,0.0,1.0,1.0,0.0
1.0,0.0,1.0,1.0,1.0
1.0,0.0,1.0,1.0,0.0
1.0,0.0,1.0,1.0,0.0
1.0,0.0,1.0,1.0,0.0
1.0,0.0,1.0,1.0,0.0
1.0,0.0,1.0,1.0,0.0
1.0,0.0,1.0,1.0,0.0
1.0,0.0,1.0,1.0,0.0
1.0,0.0,1.0,1.0,0.0
1.0,0.0,1.0,1.0,1.0
1.0,0.0,1.0,1.0,0.0
1.0,0.0,1.0,1.0,0.0
1.0,0.0,1.0,1.0,0.0
1.0,0.0,1.0,1.0,0.0
1.0,0.0,1.0,1.0,0.0
1.0,0.0,1.0,1.0,0.0
1.0,0.0,1.0,1.0,0.0
1.0,0.0,1.0,1.0,1.0
1.0,0.0,1.0,1.0,0.0
1.0,0.0,1.0,1.0,0.0
1.0,0.0,1.0,1.0,0.0
1.0,0.0,1.0,1.0,0.0
1.0,0.0,1.0,1.0,0.0
1.0,0.0,1.0,1.0,0.0
1.0,0.0,1.0,1.0,1.0
1.0,0.0,1.0,1.0,0.0
1.0,0.0,1.0,1.0,0.0
1.0,0.0,1.0,1.0,0.0
1.0,0.0,1.0,1.0,0.0
1.0,0.0,1.0,1.0,0.0
1.0,0.0,1.0,1.0,1.0
1.0,0.0,1.0,1.0,0.0
1.0,0.0,1.0,1.0,0.0
1.0,0.0,1.0,1.0,0.0
1.0,0.0,1.0,1.0,0.0
1.0,0.0,1.0,1.0,1.0
1.0,0.0,1.0,1.0,0.0
1.0,0.0,1.0,1.0,0.0
1.0,0.0,1.0,1.0,0.0
1.0,0.0,1.0,1.0,1.0
1.0,0.0,1.0,1.0,0.0
1.0,0.0,1.0,1.0,0.0
1.0,0.0,1.0,1.0,1.0
1.0,0.0,1.0,1.0,0.0
1.0,0.0,1.0,1.0,1.0
1.0,0.0,1.0,1.0,1.0
0.0,1.0,1.0,1.0,0.0
0.0,1.0,0.0,0.0,0.0
0.0,1.0,0.0,0.0,0.0
0.0,1.0,0.0,1.0,0.0
0.0,1.0,0.0,0.0,0.0
0.0,1.0,1.0,1.0,0.0
0.0,1.0,1.0,1.0,0.0
0.0,0.0,0.0,1.0,0.0
0.0,1.0,1.0,1.0,0.0
1.0,0.0,0.0,0.0,0.0
0.0,1.0,1.0,1.0,0.0
0.0,1.0,1.0,1.0,0.0
0.0,1.0,1.0,1.0,0.0
0.0,1.0,0.0,0.0,0.0
0.0,1.0,0.0,1.0,0.0
0.0,1.0,1.0,1.0,0.0
1.0,0.0,0.0,1.0,0.0
0.0,1.0,1.0,1.0,0.0
0.0,1.0,1.0,1.0,0.0
0.0,1.0,1.0,1.0,0.0
0.0,1.0,1.0,1.0,0.0
0.0,0.0,1.0,0.0,0.0
1.0,0.0,0.0,0.0,1.0
