strength
0.683
0.669
0.685
0.623
0.737
0.648
0.598
0.701
0.797
0.691
0.793
0.586
0.564
0.829
0.53
0.736
0.652
0.648
0.674
0.605
0.706
0.809
0.813
0.62
0.755
0.616
0.758
0.762
0.576
0.598
0.87
0.743
0.598
0.582
0.697
0.494
0.573
0.566
0.769
0.863
0.754
0.841
0.562
0.807
0.503
0.535
0.538
0.445
0.469
0.403
0.558
0.499
0.432
0.55
0.449
0.525
0.583
0.505
0.49
0.48
0.447
0.569
0.541
0.56
0.555
0.492
0.512
0.422
0.392
0.387
0.577
0.509
0.71
0.741
0.744
0.737
0.685
0.669
0.769
0.776
0.639
0.775
0.675
0.672
0.703
0.618
0.654
0.549
0.701
0.647
0.556
0.619
0.742
0.743
0.633
0.459
0.632
0.546
0.69
0.561
0.712
0.455
0.473
0.678
0.597
0.575
0.435
0.462
0.696
0.732
0.73
0.544
0.55
0.414
0.446
0.467
0.507
0.593
0.695
0.658
0.44
0.653
0.482
0.641
0.698
0.481
0.705
0.768
0.582
0.468
0.504
0.591
0.615
0.545
0.517
0.653
0.746
0.556
0.587
0.61
0.616
0.576
0.746
0.606
0.557
0.718
0.538
0.551
0.482
0.629
0.69
0.703
0.681
0.498
0.765
0.671
0.484
0.539
0.606
0.699
0.655
0.531
0.548
0.868
0.775
0.741
0.658
0.614
0.474
0.583
0.629
0.602
0.748
0.707
0.64
0.473
0.718
0.591
0.638
0.548
0.532
0.554
0.48
0.596
0.646
0.615
0.638
0.455
0.439
0.802
0.597
0.561
0.49
0.586
0.389
0.43
0.481
0.633
0.736
0.662
0.746
0.447
0.624
0.431
0.846
0.777
0.638
0.697
0.724
0.768
0.689
0.536
0.608
0.739
0.677
0.735
0.578
0.616
0.882
0.69
0.646
0.613
0.717
0.487
0.66
0.581
0.679
0.822
0.688
0.85
0.577
0.725
0.596
0.61
0.754
0.838
0.603
0.614
0.425
0.786
0.677
0.807
0.728
0.63
0.529
0.462
0.699
0.675
0.649
0.788
0.655
0.661
0.751
0.459
0.522
0.802
0.672
0.568
0.652
0.683
0.567
0.413
0.364
0.665
0.543
0.593
0.449
0.567
0.381
0.492
0.611
0.58
0.708
0.407
0.441
0.725
0.744
0.805
0.719
0.669
0.493
0.796
0.735
0.605
0.801
0.75
0.645
0.767
0.704
0.54
0.718
0.79
0.725
0.866
0.724
0.613
0.671
0.604
0.748
0.71
0.725
0.656
0.755
0.689
0.718
0.669
0.648
0.803
0.583
0.738
0.621
0.77
0.737
0.736
0.638
0.707
0.707
0.605
0.661
0.598
0.658
0.553
0.477
0.738
0.671
0.753
0.707
0.729
0.471
0.51
0.873
0.607
0.638
0.711
0.764
0.525
0.497
0.736
0.64
0.656
0.859
0.653
0.676
0.569
0.47
0.559
0.578
0.68
0.819
0.749
0.663
0.795
0.715
0.692
0.753
0.671
0.749
0.906
0.732
0.789
0.62
0.591
0.702
0.579
0.711
0.585
0.773
0.62
0.616
0.513
0.535
0.628
0.661
0.712
0.831
0.611
0.527
0.543
0.612
0.53
0.708
0.422
0.62
0.611
0.531
0.54
0.587
0.534
0.647
0.721
0.538
0.488
0.585
0.605
0.738
0.498
0.662
0.768
0.733
0.802
0.632
0.726
0.523
0.516
0.726
0.714
0.633
0.716
0.583
0.683
0.711
0.685
0.78
0.801
0.644
0.628
0.74
0.657
0.521
0.723
0.53
0.769
0.757
0.576
0.499
0.456
0.425
0.702
0.773
0.644
0.787
0.589
0.79
0.591
0.615
0.503
0.476
0.651
0.801
0.636
0.79
0.547
0.673
0.772
0.68
0.702
0.634
0.648
0.743
0.791
0.716
0.533
0.726
0.778
0.709
0.677
0.674
0.527
0.674
0.559
0.586
0.636
0.71
0.633
0.449
0.505
0.542
0.538
0.607
0.453
0.667
0.752
0.519
0.427
0.528
0.515
0.609
0.795
0.77
0.773
0.696
0.718
0.594
0.914
0.81
0.67
0.606
0.83
0.765
0.69
0.697
0.733
0.538
0.655
0.715
0.737
0.862
0.769
0.65
0.613
0.588
0.535
0.426
