node,democracy_index,press_freedom,population,GDP
Austria,8.07,84.2,9061848,477083
Belgium,7.51,87.4,11671737,599879
Bulgaria,6.64,64.9,6520314,80271
Croatia,6.5,71.4,3888529,67838
Cyprus,7.43,79.5,918100,27719
Czech Republic,7.74,76.4,10525739,282341
Denmark,9.09,91.8,5910577,397104
Estonia,7.84,87.3,1331796,36263
Finland,9.27,92.0,5522135,299155
France,7.99,77.0,67939000,2937473
Germany,8.67,87.8,84079811,4223116
Greece,7.56,71.2,10432481,216241
Hungary,6.5,69.1,9689000,182281
Iceland,9.18,84.8,381370,25459
Ireland,9.0,87.4,5123536,498560
Israel,7.97,69.1,9593180,481591
Italy,7.68,76.3,58853482,2099880
Latvia,7.31,81.4,1893400,38873
Luxembourg,8.68,84.5,645397,86711
Netherlands,8.88,90.0,17755410,1018007
Norway,9.75,92.1,5455582,482437
Poland,6.8,71.3,37996000,674048
Portugal,7.82,88.1,10344802,249887
Romania,6.43,74.0,19038098,284088
Russia,3.24,51.0,145100000,1775800
Slovakia,7.03,77.3,5434712,114871
Slovenia,7.54,77.3,2108977,61526
Spain,7.94,77.8,47432805,1425277
Sweden,9.26,90.7,10502959,627438
Switzerland,8.9,89.3,8770283,812867
Turkey,4.35,49.9,84680273,815272
Ukraine,5.57,67.4,41130432,200086
United Kingdom,8.1,77.0,67081234,3186860
