Trade,Share Percent
49238.0,30.37
10024.0,6.18
8952.0,5.52
6949.0,4.29
49086.0,16.58
39443.0,13.32
34501.0,11.65
17728.0,5.99
5111.0,16.02
2899.0,9.08
2191.0,6.86
2119.0,6.64
2058.0,6.45
2173.0,12.79
2127.0,12.52
1761.0,10.37
1218.0,7.17
62861.0,32.69
14639.0,7.61
11988.0,6.23
9024.0,4.69
7979.0,4.15
265.0,8.44
204.0,6.5
13444.0,12.58
9262.0,8.67
6183.0,5.79
6153.0,5.76
2555.0,15.1
1693.0,10.0
1463.0,8.65
1414.0,8.35
8886.0,13.54
6818.0,10.39
4284.0,6.53
69891.0,14.31
37139.0,7.6
35959.0,7.36
35640.0,7.29
103733.0,7.49
89122.0,6.43
76507.0,5.52
3691.0,10.53
2686.0,7.66
2097.0,5.98
2025.0,5.78
1682.0,4.8
33478.0,27.91
6442.0,5.37
6300.0,5.25
6242.0,5.2
5209.0,4.34
931.0,20.33
791.0,17.27
508.0,11.09
369.0,8.06
20399.0,11.08
19925.0,10.82
16594.0,9.01
3713.0,7.4
2463.0,4.91
64060.0,12.84
51614.0,10.35
28827.0,5.78
25778.0,5.17
1772.0,11.66
1293.0,8.51
1099.0,7.23
871.0,5.73
3516.0,26.03
2198.0,16.27
1680.0,12.44
742.0,5.49
535.0,3.96
121984.0,22.12
56465.0,10.24
42457.0,7.7
39910.0,7.24
14324.0,17.31
9971.0,12.05
8151.0,9.85
8064.0,9.75
73513.0,28.92
15030.0,5.91
14568.0,5.73
14191.0,5.58
10783.0,4.24
15598.0,25.37
8351.0,13.58
7296.0,11.87
3503.0,5.7
16193.0,22.79
7630.0,10.74
4782.0,6.73
3547.0,4.99
2655.0,3.74
24819.0,7.36
23158.0,6.87
18619.0,5.52
19595.0,22.6
9057.0,10.45
6777.0,7.82
6245.0,7.2
5424.0,6.25
6759.0,18.04
4545.0,12.13
3491.0,9.32
3003.0,8.01
2391.0,6.38
48195.0,15.44
33805.0,10.83
23406.0,7.5
22627.0,7.25
18748.0,6.01
16337.0,10.54
16128.0,10.41
11669.0,7.53
10834.0,6.99
48962.0,15.37
16804.0,5.27
16472.0,5.17
15980.0,9.42
11237.0,6.62
8083.0,4.76
41632.0,10.52
27824.0,7.03
25321.0,6.4
23872.0,6.03
3275.0,6.65
2708.0,5.5
2435.0,4.95
2073.0,4.21
